10001001011111011000010101000101
01110010101001100111111010111110
01110110100000100111101010111010
01010000101001111111111010101111
01110110100000100111101010111010
00001000101011111100010000001101
10001001011111011000010101000101
01010000101001111111111010101111
10101111010110000000000101010000
01110110100000100111101010111010
10101111010110000000000101010000
01110110100000100111001000111010
00111111110000000000100010110010
01110110100000100111101010111010
10101111010110000000000101010000
01010000101001111111111010101111
01110110100000100111101010111010
01110100100000100111101010111010
01110110100000100111101010111010
01010000101001111111111010101111
10101111010110000000000101010000
10001001011111011000010101000101
10101111010110000000000101010000
10001001011111011000010101000101
01110000101001111111101010101111
10101111010110000000000101010000
01110110100000100111101010111010
10101111010110000000000101010000
01010000101001111111111010101111
01110100100001110111111010111011
