10001001011111011000010101000101
01110010101000100111111010111110
01110110100000100111101010101010
01010000101001111111110010101111
01110110100000100111101010111010
00000000101011111100010000001101
10001001011111011000010101000101
01010000101001111111111010101111
10101111010110000000000101010000
01110110100000100111101010111010
10101111010110000000000101010000
01110110100000100101001000111010
01110111110000000000101010110010
01110110100000100111101010111010
10101111010110000000000101010000
01010000101001111111111010101111
01110110100000100111101010111010
01010100100000000010101010111010
01110110100000100111101010111010
01010000101001111111111010101111
10101111010110000000000101010000
10001001011111011000010101000101
10101111010110000000000101010000
10001001011111011000010101000101
01110000101001111111101010101111
10101111010110000000000101010000
01110110100000100111101010111010
10101111010110000000000101010000
01010000101001111111111010101111
01010100100001110111111010111011
