10001001011111011000010101000101
01110010101000100111111010111110
01110110100000100111101010101010
00010000101001111111110010001111
01110110100000100111101010111010
01000010101011111111010000101101
10001001011111011100010101000101
01010000101001101111111010101111
10101111010110000000000101010000
01110110100000100111101010111010
10101111010110000000000101010000
01110110100000100101001000111010
01110101110000000000101010111010
01110110100000100111101010111010
10101111010110000000000101000000
01010000101001111111111010101111
01110110100000100111101010111010
01000000100001000010101010111010
01110110100000100111101010111010
01010000101001111111111010101111
10101111010110000000000101010000
10001001011111011000010101000101
10101111010110000000000100010000
10001001011111011000010101000101
01110000101001111111101010101111
10101111010110000000000101010000
01110110100000100111101010111010
10101111010110000000000101010000
01010000101001111111111010101111
01010100100001111111111010111011
