radix 1 1 1 1 1 1 1 1 1 1 1 1 1 1 1 1 
io i i i i i i i i i i i i i i i i  
vname C0 C1 C2 C3 C4 C5 C6 C7 C8 C9 C10 C11 C12 C13 C14 C15 
tunit us 
vil 0 
vih 3.3 
 
0  1 1 1 1 0 0 0 0 1 0 1 1 0 0 1 1 
1  1 1 1 1 1 1 1 0 0 1 0 1 0 0 1 0 
2  0 0 1 0 0 0 0 0 0 0 0 1 0 0 1 0 
3  1 1 1 0 0 1 0 0 1 0 0 0 0 0 1 0 
4  1 0 0 1 0 1 1 1 1 1 1 1 1 0 1 0 
5  0 1 1 0 1 0 1 1 1 1 1 1 1 0 0 1 
6  0 0 0 1 0 0 0 0 1 1 0 0 0 1 0 1 
7  1 0 0 1 0 1 1 0 1 0 1 1 0 0 0 0 
8  1 0 1 1 1 0 1 1 1 1 1 0 1 1 1 0 
9  1 0 0 0 1 0 1 0 0 0 1 1 0 0 0 0 
10 0 0 0 0 1 1 0 1 1 0 1 0 0 0 1 0 
11 1 1 1 1 0 0 0 0 0 1 0 0 1 1 1 1 
12 1 1 0 1 0 1 0 1 0 1 1 0 1 0 1 0 
13 0 1 0 0 1 1 0 0 1 1 0 1 1 1 0 0 
14 1 0 0 1 1 0 0 1 0 1 1 1 1 1 0 1 
15 0 1 0 0 1 1 0 0 0 0 1 1 1 1 1 0 
16 0 1 0 1 0 1 1 0 1 1 0 1 1 0 0 0 
17 1 1 1 1 0 1 0 1 0 0 0 0 0 1 0 1 
18 1 0 0 1 0 1 0 1 0 0 0 1 0 1 1 1 
19 1 0 0 0 1 1 1 0 0 1 1 1 1 1 0 1 
20 1 1 0 1 1 1 0 1 1 0 1 1 0 1 1 1 
21 0 0 0 0 1 0 0 0 1 0 0 0 0 1 0 1 
22 1 0 1 1 0 0 1 1 0 1 1 0 0 0 0 1 
23 1 1 0 0 0 0 1 1 0 0 1 0 1 1 0 0 
24 1 1 1 0 0 0 0 1 0 1 1 1 0 1 0 0 
25 1 1 1 1 0 0 1 0 1 0 1 1 0 1 1 1 
26 1 1 1 0 1 1 0 1 0 0 1 0 0 0 0 1 
27 0 0 1 1 1 1 1 1 0 1 0 0 0 1 1 0 
28 1 0 0 1 1 1 1 0 0 0 1 0 0 0 0 0 
29 0 1 0 1 1 1 0 0 1 0 1 1 1 0 0 0 
30 1 0 1 0 1 0 0 0 1 0 1 1 1 1 0 0 
31 0 1 0 0 1 0 0 0 1 1 1 1 0 0 0 0  
